00122327
00122327
00411939
00411939
00517645
00795423
00795423
01023570
01027058
01722480
01800019
01800019
02658435
02732968
02992446
02992446
03215790
03215790
03311443
03532415
03532415
03881423
03881423
04230630
04230630
04379829
04379829
04866275
04866275
04902979
04902979
04913711
04913711
05040481
05192316
05192316
05503849
05503849
05676026
06040559
06040559
06339468
07237373
07237373
07441209
07441209
07679404
07679404
07747410
07747410
08357240
08357240
09313766
09313766
09464032
09464032
09473806
09526594
10264663
10690848
10878448
11271860
11285104
11970623
12865507
13009717
13140088
13203354
13370835
13884775
13935893
15111975
15173776
15581638
17351180
17453575
19540550
20443996
20855875
21018182
23862762
23903068
27098060
27214112
27351731
29030467
31880826
33042151
33132044
36321990
36583700
37122487
39321657
41498340
43180355
45283173
53518684
54403563
57839805
58616418
59118133
60518222
61348538
61820817
62237425
62331228
62895230
65697260
74828799
78632767
90731688
91884981
92874270
